7629	382
11818	357
19140	330
24378	315
21723	314
25147	295
20515	290
27719	289
5016	287
27751	282
26395	281
2521	272
13435	266
25951	262
5284	258
14472	257
4561	253
18521	248
26554	243
7320	239
7848	236
24259	233
3059	227
18203	223
22005	221
1676	220
12105	214
11203	213
21536	212
18468	211
15995	207
25529	206
1808	204
4161	202
20547	201
24866	200
3011	198
6996	196
16904	194
14417	192
19625	191
26436	190
12629	189
20277	188
26897	187
8241	186
11475	185
22690	184
6474	183
15722	182
9755	179
1745	178
15708	177
13920	174
2296	173
23953	172
11084	171
25830	170
986	169
4250	168
4172	167
8800	166
4929	165
7652	164
8151	163
2555	162
7760	161
2105	160
6692	159
21610	158
25521	157
3899	156
5567	155
7872	154
10298	152
4808	151
5019	150
21333	149
8651	148
24022	147
7680	145
6080	144
8514	143
15527	142
22423	141
24049	140
8559	139
9394	138
8320	137
26561	136
18970	135
6142	134
6889	133
9239	132
5834	131
7239	130
3965	129
19697	128
9847	127
850	126
8954	125
9278	124
25839	123
5169	122
9526	121
5421	120
4428	119
7878	118
2233	117
4075	116
27569	115
8546	114
958	113
4416	112
8957	111
24184	110
3709	109
8523	108
8906	107
8506	106
8702	105
512	104
9547	103
7269	102
9565	101
7534	100
9729	99
8835	98
7187	97
8618	96
9355	95
6657	94
6077	93
8616	92
8371	91
9299	90
9208	89
836	88
3579	87
7842	86
9587	85
9874	84
9703	83
9820	82
9763	81
7681	80
8824	79
7299	78
9645	77
8194	76
9760	75
9623	74
9867	73
9981	72
8776	71
9458	70
9752	69
9057	68
9494	67
8457	66
8909	65
6173	64
9484	63
8045	62
9745	61
8158	60
9564	59
968	58
9870	57
9872	56
95	55
7040	54
8996	53
9087	52
8949	51
9681	50
8376	49
9381	48
9665	47
8833	46
964	45
9605	44
9742	43
9964	42
9308	41
9883	40
987	39
9952	38
9821	37
9933	36
991	35
9260	34
9812	33
9893	32
9776	31
9504	30
9962	29
9795	28
9953	27
9643	26
9477	25
9907	24
9810	23
9814	22
9954	21
9997	20
9923	19
990	18
9690	17
9919	16
9925	15
9936	14
995	13
9873	12
9901	11
9955	10
9768	9
9850	8
9999	7
9984	6
9858	5
998	4
9961	3
9991	2
9998	1
